"Red" "Green" "Blue" "Grey"
"1" 0.243 0.226 0.215 0.22
"2" 0.249 0.235 0.215 0.237
"3" 0.254 0.251 0.217 0.259
"4" 0.258 0.267 0.22 0.284
"5" 0.265 0.286 0.22 0.309
"6" 0.27 0.306 0.224 0.335
"7" 0.276 0.326 0.227 0.366
"8" 0.282 0.349 0.23 0.396
"9" 0.287 0.372 0.235 0.429
"10" 0.294 0.397 0.239 0.463
"11" 0.302 0.421 0.242 0.499
"12" 0.307 0.448 0.244 0.537
"13" 0.317 0.476 0.249 0.576
"14" 0.324 0.504 0.254 0.618
"15" 0.331 0.535 0.259 0.659
"16" 0.343 0.564 0.264 0.706
"17" 0.35 0.597 0.269 0.751
"18" 0.36 0.629 0.274 0.797
"19" 0.369 0.663 0.279 0.848
"20" 0.38 0.7 0.286 0.898
"21" 0.39 0.738 0.291 0.953
"22" 0.401 0.776 0.295 1.007
"23" 0.412 0.814 0.304 1.065
"24" 0.424 0.855 0.309 1.124
"25" 0.435 0.897 0.316 1.184
"26" 0.447 0.938 0.32 1.248
"27" 0.459 0.981 0.329 1.311
"28" 0.473 1.027 0.337 1.377
"29" 0.487 1.077 0.346 1.444
"30" 0.499 1.124 0.351 1.515
"31" 0.513 1.174 0.36 1.586
"32" 0.527 1.225 0.37 1.661
"33" 0.54 1.278 0.378 1.737
"34" 0.557 1.329 0.385 1.812
"35" 0.572 1.384 0.394 1.892
"36" 0.588 1.438 0.402 1.972
"37" 0.602 1.496 0.413 2.059
"38" 0.618 1.556 0.421 2.145
"39" 0.637 1.614 0.432 2.232
"40" 0.655 1.674 0.441 2.319
"41" 0.672 1.739 0.452 2.414
"42" 0.691 1.805 0.462 2.51
"43" 0.71 1.871 0.471 2.602
"44" 0.729 1.939 0.484 2.699
"45" 0.746 2.006 0.494 2.804
"46" 0.766 2.073 0.507 2.902
"47" 0.788 2.14 0.517 3.003
"48" 0.808 2.215 0.528 3.11
"49" 0.829 2.29 0.542 3.216
"50" 0.851 2.363 0.554 3.324
"51" 0.872 2.439 0.567 3.436
"52" 0.893 2.513 0.582 3.547
"53" 0.916 2.595 0.593 3.668
"54" 0.94 2.671 0.605 3.789
"55" 0.964 2.752 0.619 3.907
"56" 0.988 2.838 0.633 4.029
"57" 1.01 2.922 0.649 4.155
"58" 1.036 3.009 0.664 4.28
"59" 1.06 3.099 0.679 4.411
"60" 1.086 3.182 0.694 4.538
"61" 1.112 3.279 0.709 4.674
"62" 1.137 3.369 0.724 4.809
"63" 1.163 3.459 0.738 4.947
"64" 1.188 3.555 0.754 5.084
"65" 1.224 3.675 0.772 5.273
"66" 1.255 3.771 0.791 5.411
"67" 1.284 3.875 0.808 5.56
"68" 1.314 3.975 0.825 5.711
"69" 1.341 4.077 0.842 5.851
"70" 1.372 4.179 0.858 6.004
"71" 1.403 4.285 0.874 6.158
"72" 1.431 4.39 0.893 6.318
"73" 1.462 4.495 0.911 6.47
"74" 1.495 4.604 0.931 6.629
"75" 1.527 4.716 0.948 6.797
"76" 1.556 4.824 0.968 6.957
"77" 1.59 4.941 0.985 7.126
"78" 1.625 5.056 1.005 7.297
"79" 1.656 5.174 1.024 7.465
"80" 1.694 5.285 1.043 7.641
"81" 1.727 5.411 1.064 7.822
"82" 1.762 5.539 1.086 8.007
"83" 1.798 5.66 1.104 8.184
"84" 1.835 5.786 1.126 8.373
"85" 1.866 5.909 1.147 8.561
"86" 1.907 6.038 1.167 8.745
"87" 1.942 6.165 1.19 8.941
"88" 1.98 6.284 1.213 9.135
"89" 2.019 6.426 1.236 9.331
"90" 2.057 6.558 1.258 9.528
"91" 2.098 6.696 1.282 9.723
"92" 2.14 6.831 1.305 9.93
"93" 2.175 6.967 1.326 10.13
"94" 2.218 7.103 1.349 10.33
"95" 2.258 7.243 1.375 10.55
"96" 2.297 7.386 1.399 10.76
"97" 2.339 7.539 1.424 10.98
"98" 2.382 7.681 1.447 11.2
"99" 2.424 7.827 1.473 11.42
"100" 2.467 7.979 1.499 11.64
"101" 2.514 8.139 1.526 11.87
"102" 2.557 8.288 1.552 12.1
"103" 2.602 8.436 1.578 12.32
"104" 2.649 8.594 1.604 12.56
"105" 2.693 8.752 1.63 12.8
"106" 2.74 8.908 1.66 13.03
"107" 2.784 9.077 1.686 13.27
"108" 2.831 9.234 1.715 13.5
"109" 2.884 9.407 1.742 13.77
"110" 2.934 9.581 1.771 14
"111" 2.978 9.74 1.803 14.25
"112" 3.032 9.909 1.827 14.51
"113" 3.082 10.1 1.861 14.78
"114" 3.135 10.27 1.891 15.04
"115" 3.184 10.44 1.92 15.3
"116" 3.236 10.62 1.95 15.55
"117" 3.292 10.8 1.984 15.82
"118" 3.342 10.99 2.013 16.09
"119" 3.395 11.16 2.044 16.35
"120" 3.447 11.34 2.075 16.64
"121" 3.503 11.54 2.108 16.91
"122" 3.558 11.71 2.138 17.18
"123" 3.611 11.91 2.17 17.46
"124" 3.668 12.1 2.204 17.73
"125" 3.728 12.29 2.238 18.03
"126" 3.783 12.49 2.272 18.3
"127" 3.842 12.67 2.302 18.58
"128" 3.895 12.87 2.336 18.88
"129" 3.973 13.12 2.378 19.25
"130" 4.032 13.32 2.413 19.55
"131" 4.088 13.52 2.446 19.85
"132" 4.152 13.71 2.482 20.14
"133" 4.209 13.92 2.517 20.45
"134" 4.268 14.12 2.547 20.75
"135" 4.327 14.34 2.586 21.04
"136" 4.393 14.55 2.623 21.36
"137" 4.451 14.75 2.657 21.68
"138" 4.513 14.97 2.695 21.98
"139" 4.578 15.18 2.73 22.3
"140" 4.644 15.39 2.767 22.62
"141" 4.704 15.6 2.803 22.94
"142" 4.768 15.81 2.844 23.27
"143" 4.834 16.04 2.883 23.61
"144" 4.899 16.26 2.92 23.94
"145" 4.963 16.48 2.96 24.25
"146" 5.032 16.7 2.998 24.58
"147" 5.098 16.92 3.036 24.92
"148" 5.169 17.15 3.076 25.25
"149" 5.231 17.38 3.114 25.6
"150" 5.302 17.6 3.157 25.94
"151" 5.369 17.84 3.192 26.29
"152" 5.443 18.07 3.236 26.63
"153" 5.509 18.3 3.276 26.98
"154" 5.581 18.54 3.318 27.34
"155" 5.653 18.78 3.358 27.69
"156" 5.734 19.03 3.398 28.05
"157" 5.798 19.26 3.443 28.4
"158" 5.872 19.51 3.486 28.78
"159" 5.947 19.77 3.528 29.13
"160" 6.022 20 3.569 29.52
"161" 6.091 20.25 3.612 29.89
"162" 6.17 20.53 3.658 30.27
"163" 6.244 20.77 3.7 30.61
"164" 6.322 21.02 3.745 30.98
"165" 6.403 21.31 3.795 31.43
"166" 6.48 21.56 3.841 31.81
"167" 6.557 21.79 3.887 32.18
"168" 6.637 22.05 3.931 32.56
"169" 6.718 22.34 3.98 32.97
"170" 6.799 22.6 4.022 33.37
"171" 6.872 22.87 4.071 33.77
"172" 6.959 23.15 4.117 34.18
"173" 7.032 23.39 4.164 34.57
"174" 7.122 23.66 4.209 34.95
"175" 7.198 23.92 4.259 35.38
"176" 7.285 24.2 4.308 35.77
"177" 7.361 24.45 4.357 36.2
"178" 7.447 24.73 4.403 36.59
"179" 7.528 25 4.453 37.01
"180" 7.621 25.25 4.498 37.44
"181" 7.702 25.53 4.55 37.85
"182" 7.791 25.81 4.6 38.28
"183" 7.87 26.08 4.648 38.7
"184" 7.963 26.39 4.699 39.13
"185" 8.054 26.68 4.755 39.6
"186" 8.137 26.97 4.807 40.05
"187" 8.228 27.26 4.858 40.45
"188" 8.32 27.54 4.906 40.9
"189" 8.406 27.83 4.954 41.34
"190" 8.498 28.14 5.006 41.76
"191" 8.589 28.41 5.057 42.09
"192" 8.679 28.73 5.113 42.55
"193" 8.793 29.07 5.173 43.13
"194" 8.885 29.37 5.228 43.57
"195" 8.985 29.67 5.281 44.01
"196" 9.071 30 5.332 44.47
"197" 9.17 30.28 5.392 44.93
"198" 9.266 30.6 5.443 45.38
"199" 9.358 30.9 5.499 45.86
"200" 9.457 31.22 5.548 46.3
"201" 9.559 31.52 5.606 46.75
"202" 9.657 31.83 5.668 47.23
"203" 9.764 32.15 5.718 47.72
"204" 9.859 32.46 5.775 48.2
"205" 9.955 32.79 5.833 48.69
"206" 10.05 33.11 5.891 49.18
"207" 10.16 33.42 5.942 49.64
"208" 10.26 33.75 5.999 50.11
"209" 10.35 34.09 6.056 50.63
"210" 10.45 34.38 6.113 51.12
"211" 10.57 34.72 6.172 51.59
"212" 10.66 35.04 6.228 52.09
"213" 10.77 35.38 6.288 52.62
"214" 10.88 35.68 6.342 53.11
"215" 10.97 36.02 6.408 53.61
"216" 11.08 36.37 6.467 54.12
"217" 11.19 36.73 6.519 54.62
"218" 11.29 37.08 6.582 55.13
"219" 11.4 37.4 6.642 55.66
"220" 11.5 37.74 6.703 56.15
"221" 11.6 38.1 6.768 56.65
"222" 11.72 38.45 6.829 57.22
"223" 11.81 38.78 6.885 57.71
"224" 11.92 39.13 6.948 58.22
"225" 12.03 39.48 7.012 58.78
"226" 12.13 39.81 7.072 59.26
"227" 12.25 40.17 7.136 59.83
"228" 12.36 40.51 7.197 60.31
"229" 12.48 40.89 7.254 60.88
"230" 12.59 41.22 7.322 61.42
"231" 12.71 41.58 7.385 61.97
"232" 12.81 41.85 7.449 62.51
"233" 12.93 42.24 7.521 63.09
"234" 13.05 42.61 7.585 63.65
"235" 13.16 42.94 7.648 64.19
"236" 13.28 43.3 7.712 64.68
"237" 13.4 43.7 7.777 65.29
"238" 13.52 44.04 7.844 65.84
"239" 13.62 44.38 7.907 66.38
"240" 13.74 44.76 7.979 66.94
"241" 13.87 45.16 8.05 67.5
"242" 13.98 45.5 8.104 68.08
"243" 14.11 45.85 8.178 68.62
"244" 14.21 46.22 8.241 69.15
"245" 14.34 46.62 8.313 69.77
"246" 14.47 46.98 8.381 70.33
"247" 14.58 47.35 8.453 70.92
"248" 14.7 47.74 8.515 71.42
"249" 14.83 48.14 8.596 72.1
"250" 14.95 48.53 8.664 72.65
"251" 15.07 48.89 8.729 73.24
"252" 15.19 49.28 8.794 73.78
"253" 15.31 49.66 8.861 74.43
"254" 15.44 50.05 8.928 75.04
"255" 15.55 50.43 9 75.61
"256" 15.67 50.81 9.066 76.17
